x
-1 1
1 0.336999 9.999411
2 0.019667 0.807472
3 0.23 1.644021
4 -0.125959 0.202917
5 0.000167 0.712384
6 0.000616 0.468672
7 0.231 1.644021
8 -0.125873 0.169548
9 0.000165 0.713132
10 0.0005999999999999999 0.467896
11 0.241 1.553016
12 -0.128814 0.101368
13 0.000179 0.687324
14 0.000386 0.533087
15 0.243 1.554016
16 -0.13308 0.101
17 0.000182 0.689177
18 0.000421 0.533133
19 0.436998 3.639918
20 0.016929 0.800955
21 0.247 1.096995
22 -0.200231 0.175286
23 0.000104 0.755547
24 0.000834 0.39927
25 0.257 1.095995
26 -0.200017 0.155928
27 0.000112 0.751488
28 0.000876 0.402398
29 0.257 1.041992
30 -0.155072 0.093209
31 0.000112 0.623516
32 0.000356 0.532925
33 0.258 1.042992
34 -0.154374 0.09371400000000001
35 0.000117 0.621958
36 0.000351 0.534484
